Önder DEMİRCAN,b191210450,100,100,100,100,10,10,30,50
Bettina GORDON,b196254782,60,40,65,80,10,10,30,50
Bianca HUNT,b191852369,50,50,70,100,10,10,30,50
Camila PERKINS,b197524983,80,55,100,35,10,10,30,50
Abigael SCOTT,b191210450,90,80,70,80,10,10,30,50
Adaline WRIGHT,b196254782,90,90,95,80,10,10,30,50
Addi GREEN,b191852369,50,50,70,85,10,10,30,50
Adiana ADAMS,b197524983,80,55,65,35,10,10,30,50
Annice MORGAN,b191210450,90,80,70,80,10,10,30,50
Bethanne MURPHY,b196254782,60,40,65,80,10,10,30,50
Bobina BARNES,b191852369,100,100,70,85,10,10,30,50
Carolan FLORES,b197524983,80,80,65,90,10,10,30,50
Clarice HAMILTON,b191210450,90,80,70,80,10,10,30,50
Coraline ELLIS,b196254782,70,80,70,80,10,10,30,50
Danita FREEMAN,b191852369,50,50,70,85,10,10,30,50
Delila HUNTER,b197524983,80,55,65,35,10,10,30,50
Dorthea FERGUSON,b191210450,90,80,50,80,10,10,30,50
Evonne ARNOLD,b196254782,0,100,65,80,10,10,30,50
Gerda HARPER,b191852369,50,50,90,90,10,10,30,50
Karrie FIELDS,b197524983,90,55,65,35,10,10,30,50